								Class	Cal0	Cal0	Cal0	Cal0-005	Cal0-005	Cal0-005	Cal0-01	Cal0-01	Cal0-01	Cal0-02	Cal0-02	Cal0-02	Cal0-05	Cal0-05	Cal0-05	Cal0-1	Cal0-1	Cal0-1	Cal0-2	Cal0-2	Cal0-2	Cal0-5	Cal0-5	Cal0-5	Cal1	Cal1	Cal1	Cal2	Cal2	Cal2	Cal5	Cal5	Cal5	Cal10	Cal10	Cal10	Cal20	Cal20	Cal20	Cal50	Cal50	Cal50	Cal100	Cal100	Cal100	no spike	pre 5	post 5	pre 20	post 20
								File type	Standard	Standard	Standard	Standard	Standard	Standard	Standard	Standard	Standard	Standard	Standard	Standard	Standard	Standard	Standard	Standard	Standard	Standard	Standard	Standard	Standard	Standard	Standard	Standard	Standard	Standard	Standard	Standard	Standard	Standard	Standard	Standard	Standard	Standard	Standard	Standard	Standard	Standard	Standard	Standard	Standard	Standard	Standard	Standard	Standard	Blank	Sample	Sample	QC	QC
								Injection order	7	8	9	13	14	15	19	20	21	25	26	27	31	32	33	37	38	39	43	44	45	49	50	51	55	56	57	61	62	63	67	68	69	75	76	77	83	84	85	91	92	93	99	100	101	102	103	104	105	106
								Batch ID	1	1	1	1	1	1	1	1	1	1	1	1	1	1	1	1	1	1	1	1	1	1	1	1	1	1	1	1	1	1	1	1	1	1	1	1	1	1	1	1	1	1	1	1	1	1	1	1	1	1
Alignment ID	Average Rt(min)	Average Mz	Metabolite name	Adduct type	Reference RT	Reference m/z	Comment	S/N average	Cal0ngmL_human_serum_extracted_1_neg_7	Cal0ngmL_human_serum_extracted_2_neg_8	Cal0ngmL_human_serum_extracted_3_neg_9	Cal0-005ngmL_human_serum_extracted_1_neg_13	Cal0-005ngmL_human_serum_extracted_2_neg_14	Cal0-005ngmL_human_serum_extracted_3_neg_15	Cal0-01ngmL_human_serum_extracted_1_neg_19	Cal0-01ngmL_human_serum_extracted_2_neg_20	Cal0-01ngmL_human_serum_extracted_3_neg_21	Cal0-02ngmL_human_serum_extracted_1_neg_25	Cal0-02ngmL_human_serum_extracted_2_neg_26	Cal0-02ngmL_human_serum_extracted_3_neg_27	Cal0-05ngmL_human_serum_extracted_1_neg_31	Cal0-05ngmL_human_serum_extracted_2_neg_32	Cal0-05ngmL_human_serum_extracted_3_neg_33	Cal0-1ngmL_human_serum_extracted_1_neg_37	Cal0-1ngmL_human_serum_extracted_2_neg_38	Cal0-1ngmL_human_serum_extracted_3_neg_39	Cal0-2ngmL_human_serum_extracted_1_neg_43	Cal0-2ngmL_human_serum_extracted_2_neg_44	Cal0-2ngmL_human_serum_extracted_3_neg_45	Cal0-5ngmL_human_serum_extracted_1_neg_49	Cal0-5ngmL_human_serum_extracted_2_neg_50	Cal0-5ngmL_human_serum_extracted_3_neg_51	Cal1ngmL_human_serum_extracted_1_neg_55	Cal1ngmL_human_serum_extracted_2_neg_56	Cal1ngmL_human_serum_extracted_3_neg_57	Cal2ngmL_human_serum_extracted_1_neg_61	Cal2ngmL_human_serum_extracted_2_neg_62	Cal2ngmL_human_serum_extracted_3_neg_63	Cal5ngmL_human_serum_extracted_1_neg_67	Cal5ngmL_human_serum_extracted_2_neg_68	Cal5ngmL_human_serum_extracted_3_neg_69	Cal10ngmL_human_serum_extracted_1_neg_75	Cal10ngmL_human_serum_extracted_2_neg_76	Cal10ngmL_human_serum_extracted_3_neg_77	Cal20ngmL_human_serum_extracted_1_neg_83	Cal20ngmL_human_serum_extracted_2_neg_84	Cal20ngmL_human_serum_extracted_3_neg_85	Cal50ngmL_human_serum_extracted_1_neg_91	Cal50ngmL_human_serum_extracted_2_neg_92	Cal50ngmL_human_serum_extracted_3_neg_93	Cal100ngmL_human_serum_extracted_1_neg_99	Cal100ngmL_human_serum_extracted_2_neg_100	Cal100ngmL_human_serum_extracted_3_neg_101	human_5ngmL_no_spike_1_neg_14	human_5ngmL_pre_spike_1_neg_16	human_5ngmL_post_spike_1_neg_20	human_20ngmL_pre_spike_1_neg_54	human_20ngmL_post_spike_1_neg_58
10019	11.749	428.97433	1H,1H,2H,2H-perfluoro-1-[13C2]-octane sulfonate (6:2 FTSA)_IS	[M-H]-	11.66	428.97461	IS\notlatePFAS	400308.88	406655168	418883680	392429984	404034976	399193824	396823552	403988704	412777856	414937312	416762240	407545568	395138848	366671264	380872480	397746848	391425024	400672768	386016768	382663840	329939232	347818944	379777920	362747872	397748064	397934656	378394496	367477184	291074912	331347520	349316480	352515168	355472480	361031648	357654720	321556320	328856512	311819008	296917920	299135232	256639360	257990976	273919392	211701984	219731536	202885760	257990976	273919392	211701984	219731536	202885760
4020	9.239	224.98233	2,4-Dichlorophenoxyacetic Acid-13C6_IS	[M-H]-	9.14	224.9823	IS\notlatePFAS	23.5	18036242	17356436	16117077	15933875	17847248	16166719	15382351	16197742	14029145	15583752	13670612	15729549	13134017	13884903	15398749	14357413	16057083	14937911	14776116	14584232	15253280	13164341	13752965	12090590	13187382	14226040	14208445	10239944	13507952	12583134	15756318	11537939	12354780	15719375	14796348	13509691	13210648	14650521	15079283	13850125	12201161	11480211	12740311	11125069	11935353	12201161	11480211	12740311	11125069	11935353
3075	6.808	199.1106	4-Methyl Hippuric Acid-d7_IS	[M-H]-	6.74	199.1106	IS\notlatePFAS	6.06	38331704	36136464	37263704	37549136	35613720	34001296	35165836	37941520	33500670	33437088	32588958	35657972	30368416	30792116	32738472	32761782	34928704	33232538	31831998	31613828	29245012	30471814	29545408	31325844	33469456	33113744	30210990	22666216	30298274	32379094	31841596	30251326	32365676	32769892	30140898	29924384	31454238	31688006	31562272	30938394	31731094	31564784	32148000	29838064	29301256	31731094	31564784	32148000	29838064	29301256
3174	8.767	201.15182	Atrazine-2-hydroxy-d5_IS	[M-H]-	8.67	201.15179	IS\notlatePFAS	12.41	33611392	35510792	33920984	29922698	28762042	27356768	25775692	28259038	24210102	24016468	21333596	21724286	20443794	23181622	22535858	22045458	21652256	17669774	17688734	21034300	17715048	18710524	18418834	18009110	20380056	18649610	18652200	22323812	19702542	18322792	17040776	16499953	19882708	19162300	18621314	17980028	19891886	18203360	18115296	19765916	19086878	18283664	19682192	17243504	13432792	19086878	18283664	19682192	17243504	13432792
7161	9.957	326.97037	Bis(1,3-dichloro-2-propyl) Phosphate-d10_IS	[M-H]-	9.86	326.9704	IS\notlatePFAS	31.96	21147586	20015930	17825618	19465778	20510316	17059738	21164902	24320824	16802242	19518006	19866700	18606880	18841258	18693312	19603046	21125844	16880820	22915450	18771854	18188090	16599374	20845090	21431690	22671486	20550572	15795476	18521270	17012262	17652442	18943260	19290692	18086550	19009962	17391760	21780266	17211870	18566742	20183922	17243978	16093962	20560970	18071084	19042782	18395416	17266912	20560970	18071084	19042782	18395416	17266912
4524	10.92	239.14801	Bisphenol A-13C12_IS	[M-H]-	10.85	239.14799	IS\notlatePFAS	35.3	71424656	75771928	71996072	66142192	66197464	64548020	59303008	64317012	62678216	60325744	55090712	57662084	52638208	55679796	54954752	55047288	50184556	51491996	48327480	49300732	46639568	48633800	46980664	46601656	48421792	48517728	47634676	46736572	45586828	47141836	49128532	50485040	51870648	50093684	49205908	49977436	49576780	47347296	45851568	50439672	50279268	46733976	50289684	48083292	48739416	50279268	46733976	50289684	48083292	48739416
5139	9.372	259.08826	Daidzein-d6_IS	[M-H]-	9.29	259.08829	IS\notlatePFAS	660.06	830527872	879069440	835671680	841135488	741294656	796337856	759969472	779024960	780206592	795297472	761914816	756190656	723916928	714921408	736365184	745603904	725621184	718888704	686782400	697174976	691971136	704791168	728273152	694503232	681419136	678788288	664955840	683557824	692569088	684401728	702875968	665540224	716460032	710850560	699353408	705496832	709300736	724456896	661046912	668193792	732605888	678088640	665060288	648168448	669287424	732605888	678088640	665060288	648168448	669287424
6336	11.573	298.03464	Diclofenac-d4_IS	[M-H]-	11.56	298.03448	IS\notlatePFAS	58.07	24736144	24309038	25140356	20085256	24154640	22937256	23216586	23186430	24782222	22996864	25526464	21094662	21859630	18135578	22055418	21734162	23238942	19671330	22105798	19401218	21176724	18655484	20781270	18599256	24054310	18337866	20313148	16439316	17955696	19556214	16818040	19474570	20024936	19825132	18719128	21408796	18889028	21479030	24088676	20749352	21613466	21428762	20901608	20315292	20708304	21613466	21428762	20901608	20315292	20708304
5140	9.099	259.09497	Diphenyl Phosphate-d10_IS	[M-H]-	9.01	259.095	IS\notlatePFAS	58.45	42471548	49213976	43654228	45300900	46154692	48572912	49262540	54692464	47679736	50692588	43952540	46503576	46416804	48774744	49688464	43267500	43500672	57145952	49609656	46242288	44880020	48640344	47079596	46617916	45115912	48799556	42058736	44124008	39933820	43220208	42410504	46974172	46039988	46026672	51017004	42290204	45254332	48227724	43521304	39797408	50724260	46522008	53169428	46029492	50130688	50724260	46522008	53169428	46029492	50130688
4428	10.925	237.04742	Diuron-d6_IS	[M-H]-	10.86	237.04739	IS\notlatePFAS	143.07	308046976	291570144	274181536	267523104	269025824	249106176	244500128	251419008	251931648	236202544	221429104	221795520	213445200	211437072	201846176	210903072	200023872	216270400	195716976	196384880	196420416	208729424	190993696	185821552	191663232	190148112	192666736	189368464	189612432	188361664	186735264	188273424	192872304	196848128	203384832	189946400	203828800	187278880	192502880	209132656	195105680	198906416	204704368	188004736	194664672	195105680	198906416	204704368	188004736	194664672
6391	9.876	300.12326	Enterolactone-13C3_IS	[M-H]-	9.8	300.12329	IS\notlatePFAS	36267.92	268806464	261021152	249571808	239162720	245100464	244687488	238042560	258679584	248354832	246493360	243555824	240640464	240185952	252020080	236913760	237481904	247491168	243542016	233873392	234914704	243825920	244038560	235512928	241958160	256026112	231752608	230091232	232769120	246635520	236335328	242035312	230544576	247403312	244694080	237033440	231502208	221381856	231790992	218610272	218001200	209914592	205696256	188743600	169860432	175319104	209914592	205696256	188743600	169860432	175319104
3009	6.985	197.07582	Monoethyl Phthalate-d4_IS	[M-H]-	6.89	197.0757	IS\notlatePFAS	5.83	19531244	19647100	21406902	17145630	18055078	17490872	14457490	17142104	17342364	16976572	15704525	17389310	14356310	11980104	13660766	14597897	14010076	13752519	12085032	13893118	12580322	12762825	11893916	12818705	13199080	11338705	12755261	11933077	12032492	13716382	13131177	13257329	14272157	12985182	12380848	11660382	13335514	12972763	13669984	13268659	11957434	13406433	14625723	13537916	11941439	11957434	13406433	14625723	13537916	11941439
4034	9.23	225.10718	Monoisobutyl Phthalate-d4_IS	[M-H]-	9.19	225.10699	IS\notlatePFAS	7.23	37616416	37873528	39050052	39589932	32484802	34086316	36227084	38951436	35994372	32580552	33042214	28584782	30920212	33982884	29905100	31443134	31546696	27984702	27436716	25711430	28819696	27851754	28251158	30515700	30403138	27553178	27054290	26566814	24451700	30914976	30359374	28628044	31088314	29334622	27812612	28399352	30405956	30315660	27026278	29710164	28754808	31363734	29095956	29742904	28254770	28754808	31363734	29095956	29742904	28254770
2246	8.591	174.10541	Norharmane-d7_IS	[M-H]-	8.5	174.10539	IS\notlatePFAS	20.39	31745564	30067184	30751244	27724532	27349798	25850052	23319944	23892802	21481308	21146864	19256240	20613926	18104356	21075556	19212182	17215752	18785762	17644074	18704324	19227494	15202797	17265282	16385912	17958372	17752076	20387778	19178484	19743940	19071418	20022384	16064777	16721196	15962212	17093812	18207592	16247507	20005212	18130410	22232152	18496586	18191388	17792982	17790498	16333594	15174161	18191388	17792982	17790498	16333594	15174161
4198	12.387	230.09024	Oxybenzone-d3_IS	[M-H]-	12.32	230.09019	IS\notlatePFAS	15.3	27796520	25801674	28321090	26244086	29633312	24518784	21651038	27354120	24332416	23117730	20166492	27178676	22516106	22925898	22876512	19630504	20793950	20598880	18866308	21153784	21542004	20971422	22004794	20842282	18698660	17668266	18054896	20232912	20297616	21883164	17100830	18621574	17053336	20046390	20207108	19315838	21818126	19529152	18914492	18335862	19315574	19299602	20228070	17806654	20270590	19315574	19299602	20228070	17806654	20270590
5399	12.446	268.85992	Pentachlorophenol-13C6_IS	[M-H]-	12.46	268.85989	IS\notlatePFAS	70.97	81610064	93564456	90216128	87652464	94428400	100098784	92775768	88879960	91196496	88883352	92856552	92277664	93654384	82617824	95770600	87334464	85389728	87608776	83284144	89094048	80241680	83050096	81340024	86808704	86708952	83345464	84688144	80922192	83925480	91843768	77377592	84926304	80916512	87173280	84065472	82061152	85828424	87738096	86963072	78990720	69892248	82685536	76860832	84409904	75503384	69892248	82685536	76860832	84409904	75503384
6451	9.538	301.95303	Perfluoro-1-[13C3]butanesulfonate _IS	[M-H]-	9.46	301.95309	IS\notlatePFAS	1086.63	804726912	797735104	855238528	788054592	773434368	782689472	759216000	796986560	791639936	749851200	736861760	780062592	760251520	724734464	750857152	707620736	724552896	744503488	676669568	727006656	705961024	682649536	687142144	698465408	714581888	692761344	705846976	676000640	667996992	661900032	689394368	660281344	688374592	704746752	671423616	674731776	668796736	666172096	657983232	630282176	638188928	612382080	564140736	541421952	578720064	638188928	612382080	564140736	541421952	578720064
9349	11.203	401.94641	Perfluoro-1-[13C3]hexanesulfonate _IS	[M-H]-	11.13	401.94669	IS\notlatePFAS	2718593.75	956812736	948863488	894418048	908945664	896113280	877197440	906536704	889956672	883442112	842522624	860456128	830629696	856080832	790389120	877127296	861926720	851318272	780560128	814713920	791220032	767268800	785070720	763114176	806794624	830036416	801494080	810835136	742890304	791622656	773121728	805510464	774542784	870004096	823754816	745834368	754238720	778971840	782014592	774706816	767860672	774497984	745611328	687100992	681213824	671647040	774497984	745611328	687100992	681213824	671647040
11976	13.169	505.97305	Perfluoro-1-[13C8]octanesulfonamide_IS (FOSA)	[M-H]-	13.13	505.97299	IS\latePFAS	507257	94225416	133204856	135674832	121390520	144672112	129721496	94414432	99467008	129284688	110471024	117443040	101247552	114073240	127911488	144735504	121822264	125651480	98408752	106923880	116946296	119782840	127962352	93915808	117628400	113821048	137924816	128220488	84993704	100285648	111990400	107896200	118677936	144377104	148127376	103725816	114526480	120564200	92781040	131240464	126174384	111356528	120790784	110032080	100611624	100743232	111356528	120790784	110032080	100611624	100743232
12000	12.222	506.95663	Perfluoro-1-[13C8]octanesulfonate _IS	[M-H]-	12.13	506.95709	IS\notlatePFAS	1400766.12	535374048	755252416	726925760	581266880	713618240	705635008	637942336	593573312	690674816	585782464	664551552	589835072	681973376	600655104	733298048	648222912	675974400	479773600	568925568	524046976	614614592	605757184	466409888	693384512	667201728	672385600	572313216	410788352	524665248	623719424	541746688	642814272	693327936	676390080	492695360	589980288	652952320	539872640	611179072	619530496	555919808	609409536	498014016	511446752	448742944	555919808	609409536	498014016	511446752	448742944
14510	13.242	614.96027	Perfluoro-n-[13C2]dodecanoic acid_IS	[M-H]-	13.15	614.96039	IS\latePFAS	124423.45	7813216	12714257	12911752	9111913	11133133	12665242	9531755	6737326	9291056	7015722	8760758	6042272	10718065	11738580	13025393	9944544	9825664	5067208	8905543	6224342	7709225	8630611	5093535	10093036	8342390	11607633	6946306	4141795	5573858	8032927	6404116	8942956	9626649	9177819	5532399	10258368	8042476	6380318	7265618	11695064	9125507	9214795	11114042	7336668	7162212	9125507	9214795	11114042	7336668	7162212
16698	13.688	714.9541	Perfluoro-n-[13C2]tetradecanoic acid_IS	[M-H]-	13.61	714.95398	IS\PFTeDA	51405.39	891709	0	922547	1805780	1099413	1092562	0	416342	618310	0	1021562	386031	544077	1481934	499358	1861119	0	0	0	0	482275	438151	0	0	708120	0	809285	452234	409046	0	0	0	559387	490975	0	686225	0	0	0	366346	0	0	0	0	429234	0	0	0	0	429234
3723	7.131	216.99261	Perfluoro-n-[13C4]butanoic acid _IS	[M-H]-	7.01	216.9926	IS\notlatePFAS	23.01	68026616	67126928	61975268	60905804	62684680	60571084	58544788	59773108	60196232	59154468	58337092	58874768	57252320	56843632	57840844	63724272	59764888	53643960	53058572	54978360	54618496	55606392	55374760	55783168	53849936	55124764	55881036	52494332	55488444	55017644	48455252	52759008	57428420	61248100	56663432	52862472	58347400	51728108	56953260	52212952	54870656	51829280	49330392	49917968	45636952	54870656	51829280	49330392	49917968	45636952
8396	11.166	366.98279	Perfluoro-n-[13C4]heptanoic acid _IS	[M-H]-	11.09	366.983	IS\notlatePFAS	204.62	137031232	127960376	131726136	139881568	128786448	126550784	126711416	124624616	120539208	121768776	127554064	124474152	112720424	120723312	120851184	111700288	120781064	112648640	114588248	110398088	114495432	110666024	121820088	114444072	115915672	110828280	101349488	116270760	103375408	110593360	109449728	119298792	111921944	112918664	114158952	108638808	103388096	100905600	108826296	98631424	93562392	83706904	75743480	81583256	76571344	93562392	83706904	75743480	81583256	76571344
6922	10.401	317.98962	Perfluoro-n-[13C5]hexanoic acid_IS	[M-2H]-	10.32	317.98959	IS\notlatePFAS	27969.24	114227696	117287696	115996656	105409216	107779088	101081304	94851888	109020848	110650880	100845008	98163896	97057168	102497816	95786840	98045520	90741968	93289600	93191200	94289392	92940912	92226176	89299304	87148464	97302112	87866408	97577200	96220568	90337248	86122296	88689536	84668536	87737232	94079896	84446176	85172312	80782240	87336768	89250680	80159064	76481592	82720864	78594616	64706092	68155104	74825688	82720864	78594616	64706092	68155104	74825688
5363	9.263	267.99283	Perfluoro-n-[13C5]pentanoic acid_IS	[M-2H]-	9.17	267.9928	IS\notlatePFAS	74.22	74979552	79345928	74674304	73941832	75469728	68507000	68254448	74246384	75826624	68326016	67807208	65963300	65802016	67149120	65495580	66392584	72510048	64656760	67413760	64974936	62609736	63789288	66619784	67442968	64078288	65305892	57606252	62186300	62839052	59483336	61482704	62318200	65591376	61413280	63714524	62399036	59250076	63222908	57649060	57156648	56604848	57560120	52987508	52814592	50744400	56604848	57560120	52987508	52814592	50744400
12265	12.626	518.97992	Perfluoro-n-[13C6]decanoic acid _IS	[M-H]-	12.54	518.98022	IS\latePFAS	622338.38	102816648	140517584	138317504	116033896	155995792	134851024	99990352	97878704	130451520	122604536	125937864	109213496	127153696	112648208	146947040	120078608	119255752	93321216	97522440	101505344	114037168	115354496	91749752	123568568	118183480	134224496	111951912	74972280	90581392	110971416	95367992	113229320	131768776	133586792	91484712	114134568	108400440	92388752	118376176	112834984	105365288	106987296	97141384	87256440	76426800	105365288	106987296	97141384	87256440	76426800
13492	12.957	569.98016	Perfluoro-n-[13C7]undecanoic acid _IS	[M-H]-	12.87	569.98029	IS\latePFAS	328806.94	32517480	47419008	45455788	36195352	49199532	47396772	33606344	32647870	41957572	33306614	36951168	31068326	40696376	35967696	51817424	44680804	41071720	23693990	32734294	30051478	38962268	42033992	24510416	42967824	46053476	48845768	38035856	19306278	28867850	38478748	30523214	46218604	47817044	48970352	25565008	36023908	40005628	29486052	41221636	43146056	39950600	40808600	35106496	31926326	28540656	39950600	40808600	35106496	31926326	28540656
9809	11.755	420.99292	Perfluoro-n-[13C8]octanoic acid _IS	[M-2H]-	11.68	420.99329	IS\notlatePFAS	97013.23	195274256	196016800	185815152	183537456	180107120	174502032	170485776	172994768	182433008	175071056	168487280	169214688	160120256	156122560	164803248	161548080	160191888	161096944	156076224	149216192	144842080	154393504	146614256	156478928	159218544	159601280	144989216	133777616	147701904	151162928	142377344	140244576	150715376	155766640	136759488	141998160	135822608	125770936	127845832	114570856	107633248	119816416	91340968	98378216	96354200	107633248	119816416	91340968	98378216	96354200
11134	12.227	471.99329	Perfluoro-n-[13C9]nonanoic acid _IS	[M-H]-	12.13	471.99341	IS\notlatePFAS	480208.09	169695056	207860928	202012112	181134144	196464784	187731552	177624960	181758096	182544384	167351568	191415616	179596896	181649040	165015696	196962192	163651392	177260064	159984464	172418320	157344496	165984240	179058688	155301776	185163152	181622352	179980800	164275264	136621968	153337744	160999312	166499040	173054080	180997856	176987696	145624096	161030848	162095840	145394352	155079472	133873496	130908384	144627760	115952168	119881096	107511200	130908384	144627760	115952168	119881096	107511200
2631	10.795	186.11523	Propylparaben-d7_IS	[M-H]-	10.73	186.1153	IS\notlatePFAS	193.88	858677440	878972992	877759104	821834688	795211200	757400832	750507136	776978240	753934720	747789184	719765760	700258368	662849088	632014208	667787136	654545984	670434240	641592576	621247936	624427584	638410240	617659392	603339072	633125824	607729664	612611008	602554112	597088832	554579968	593017024	589719360	608716864	615088640	647344128	620899072	602529408	618141312	623259648	627168512	631916864	652477120	617924928	638094720	624798336	631499456	652477120	617924928	638094720	624798336	631499456
9315	7.104	401.0448	Sucralose-d6_IS	[M-H]-	7.02	401.04489	IS\notlatePFAS	641.6	6667032	6528203	5320139	5706832	5588032	4842259	5363218	4758322	5078003	4683694	4273830	3962912	4532482	4678487	3797356	4047772	4298910	3961850	4178118	3183558	3358283	3930229	3439913	4073243	4487336	3824805	4193579	4899388	4412636	4114575	3397622	3837253	3806834	3467742	2961162	4039302	4026226	4095334	3852151	4509784	4207310	4152284	3927234	3512326	3108884	4207310	4152284	3927234	3512326	3108884
6156	13.346	292.96405	Triclosan-13C6_IS	[M-H]-	13.3	292.96399	IS\notlatePFAS	58.72	36045592	43551532	46390104	39186524	42911060	38660864	35299848	38133092	44284136	42933128	40702636	38521748	34903360	36381624	39301892	33938116	36884300	34207824	33953112	36378520	37955732	40698412	32415234	38618228	35944520	38218100	34787840	36026732	35294504	37035460	35095304	36262232	36129060	35457720	36521500	33308344	31360876	35124392	36329452	28389724	32520904	31790174	29922292	29881666	30021766	32520904	31790174	29922292	29881666	30021766
4467	8.299	238.13484	1,3-Di-o-tolylguanidine	[M-H]-	8.28	238.13499	Quant\notlatePFAS	19.49	0	0	0	0	0	0	0	0	0	0	0	0	309361	0	0	0	0	0	0	0	0	0	0	321563	0	343764	355365	346257	634212	347351	4013491	2754256	4192897	8554983	7097958	8511773	16742661	17102680	16003807	40540896	43561624	40662612	78115040	82437128	81444568	0	3305259	1511621	8537688	7142351
3481	7.384	210.10359	1,3-Diphenylguanidine	[M-H]-	7.35	210.1037	Quant\notlatePFAS	15.38	0	0	0	0	0	0	0	0	0	0	0	0	0	0	0	0	0	0	0	0	0	0	0	0	0	343689	0	291722	472628	306807	1146544	561698	2691946	5631440	4620680	4505200	9643469	10241595	9943724	24068418	26196842	23123584	49885772	46633516	48024360	0	0	0	0	0
868	5.158	117.04575	1H-Benzimidazole	[M-H]-	5.05	117.0458	Quant\notlatePFAS	22.89	5906607	6619144	5073778	12659558	12681405	15338439	18214586	21615480	24312302	27449748	28926512	26901110	30652608	32600648	35257748	37798324	40109668	41547668	42822192	44012780	42437372	45779660	48836444	49457660	48008656	49639736	52191244	60878840	61829524	57404920	83230600	78749760	84855536	142245184	131059304	131051368	245825504	225570848	222171952	525489728	508571776	481681792	973326528	960166976	911008320	0	16568747	17075574	71748473	73485280
885	7.071	118.04105	1H-Benzotriazole	[M-H]-	7.1	118.0411	Quant\notlatePFAS	255.54	287009	0	187928	210285	0	0	0	265025	0	0	0	0	541307	327689	781801	347544	295791	0	809592	295637	279982	3079470	8100018	3262130	4929818	6097182	5723859	11231290	10977892	13193521	29926866	28401462	31111764	67378024	62887012	65759064	137769888	126633096	131954520	342601312	348794496	329637120	644328960	651997504	617691200	218384	25922042	24549232	80498040	79520080
3354	7.101	207.01202	1-Naphthalenesulfonic acid	[M-H]-	7	207.0121	Quant\notlatePFAS	42.27	1105460	299847	187187	483568	988090	904152	1078405	1707027	503630	333836	1376342	0	1236391	239417	1380278	1590003	2352612	863501	1385744	2023936	1748645	4755776	4794149	3581030	6121862	5847534	6496196	11649875	9669445	10759303	28820396	27102296	27271082	54954880	52022992	55232500	105956736	97891208	105837544	274468448	289653856	291944448	515027552	517432064	500271360	2850361	21202986	23922386	88633824	87126776
1	10.62608696	143.0502	1-Naphthol				Quant\notlatePFAS		0	0	0	0	0	0	0	0	0	0	0	0	0	0	0	0	0	0	0	0	0	0	823446	747631	2942417	1644766	997787	6084752	5515837	4492946	14827224	10634731	14170716	31625128	32010687	30011017	65706487	60873388	66130571	171334600	172277036	172844596	368986999	378245021	290326339	0	14075538	17258872	45285197	53725856
3	9.25	218.9621	2,4-Dichlorophenoxyacetic Acid				Quant\notlatePFAS		0	0	0	0	0	0	0	0	0	0	0	0	0	0	0	0	344552	0	0	264430	309794	742016	1001563	1050388	2137371	3451738	2441729	4772075	5453231	4680744	13418308	13533948	14327550	32695435	28277506	28372420	62277648	57141047	59071729	150803861	142530092	144509002	272319858	264824290	261325100	0	11879529	12854024	44203837	44715241
2491	8.888	182.0206	2,4-dinitroaniline	[M-H]-	8.79	182.02071	Quant\notlatePFAS	929.45	1046939	286878	484069	515214	603225	733797	821721	1383107	1846020	2405982	1051493	2580905	4746700	4991164	4758240	8152584	7675888	7461429	16342669	18645556	16064031	38885308	38738304	40041652	79157776	82069056	75183776	145459184	139634528	151919024	389656736	388213856	412385760	844285184	803716736	828373504	1673001984	1588389376	1610893952	3936572160	4118317824	4000468480	7327141376	7123035136	7040548352	3512643	338511520	345915168	1262594944	1308699264
2511	6.775	183.00464	2,4-Dinitrophenol	[M-H]-	6.67	183.0047	Quant\notlatePFAS	268.69	3467200	3027238	3863854	3380644	2239362	2355786	3572871	3109135	3517241	3137216	3251504	1938946	5294608	4990102	3139712	6158366	4912614	4763570	9315464	9017942	8897427	19343066	18769836	18261682	39174460	37944792	37332796	79596120	77397256	75423032	189675712	176275440	193108416	366279648	371761184	384358528	835279168	781620352	761625152	2018918272	1987435008	1948982912	3808474624	3611524096	3634665472	3388479	145086496	157200576	612769408	618263744
1820	9.246	160.95659	2,5-Dichlorophenol	[M-H]-	9.15	160.9566	Quant\notlatePFAS	56.48	0	0	0	0	0	0	224434	229260	0	0	0	0	0	460480	0	345351	0	480206	1088606	849102	728525	1941987	1581250	2294388	3516012	4504554	4418575	7201932	7638678	8596345	22018534	22270672	22925066	51545276	50017280	48590584	99031928	103950328	99001560	238983280	231968272	226243776	445111424	422487232	428900960	0	19173616	19203682	66713952	73155544
5162	10.458	259.93118	2-bromo-4,6-dinitroaniline	[M-H]-	10.37	259.93121	Quant\notlatePFAS	454.29	0	0	0	0	0	0	0	0	0	0	0	0	888240	0	0	572270	0	392626	1842778	1403766	1090379	5286560	5265702	6057935	10400169	13119405	10625106	20432650	22316898	20734602	54482008	55116168	62089784	120822432	113942944	119715864	245508848	234128016	243772160	635317312	656734208	622935616	1258123264	1185886464	1196446464	0	58455536	60543528	219587728	220358224
1206	6.821	133.04073	2-Hydroxybenzimidazole	[M-H]-	6.73	133.0407	Quant\notlatePFAS	11.52	0	0	0	0	0	0	0	0	0	0	0	0	0	0	0	0	0	240201	268149	270599	0	0	255100	0	351580	0	229778	602404	227950	983212	2453794	2192306	2277204	6622628	6220224	4989140	13138671	13635261	11909429	34300716	32277312	30672408	64139544	66193068	61809244	162346	1905136	2884914	5242516	6835762
3355	7.474	207.01205	2-Naphthalenesulfonic Acid	[M-H]-	7.38	207.0121	Quant\notlatePFAS	39.61	13144714	10618031	9445190	9912109	12446164	9330907	13676642	14332988	10074248	11134682	16136865	8507034	9952307	9402428	11180910	11952098	10279558	11416444	10904782	8996045	10933849	19632978	16728850	13631837	20912940	18225562	15897451	23073418	23917536	23988032	49188804	46342176	53132616	86363888	84341712	88568912	166954128	162546048	170426096	396963520	409463008	412793312	754222272	780459584	743090752	20016870	41549420	44226660	139054992	132284760
2	10.4148	143.0502	2-Naphthol				Quant\notlatePFAS		0	0	0	0	0	0	0	632578	0	0	0	0	0	0	0	0	0	0	0	0	0	1780244	888676	1649492	2125852	2106463	4110721	6626499	7770465	8362629	21013068	17387478	19864539	46208577	43129855	41586227	92936175	85621380	91910722	255131201	244713029	243840772	469280135	457086710	463372775	0	18538583	17970926	54802203	62550632
2984	10.39	195.91287	3,5,6-Trichloro-2-pyridinol	[M-H]-	10.31	195.9129	Quant\notlatePFAS	25.02	1109877	250825	814123	518812	329323	655963	284223	803206	603879	879962	437189	381646	1504133	324932	552169	745186	1724442	2102380	2678138	3402652	2577898	5803430	6097570	8186202	12040272	12159858	13435139	23670404	22856996	24875840	60940300	63627352	64276976	136362400	140732176	138627472	289812096	285370784	279214080	758762496	684179392	675361856	1339546240	1231256064	1215169664	1545174	62547812	49745384	229826112	188043760
4377	12.403	235.17021	3,5-Di-tert-butyl-4-hydroxybenzyl alcohol	[M-H]-	12.34	235.17039	Quant\notlatePFAS	84.5	11964297	13912656	13268174	13131610	16213458	11391182	8811775	14540481	12731743	11478517	13607859	10922098	10363688	9041594	10421271	6484126	11447401	9406144	10427290	8761650	8625260	8198060	11996261	11055525	15490171	10610870	12205123	16140251	14255710	15159522	27162732	10874581	27727538	49322556	50692640	52020460	85443568	89226824	85693464	192904256	209515680	197372880	393040544	388160576	382592128	0	0	0	0	0
2681	8.762	188.07158	3-Indolepropionic acid	[M-H]-	8.68	188.0717	Quant\notlatePFAS	276.01	540613888	545499008	545014336	509248256	479819872	487355008	440887520	463396096	453524096	412798016	406013120	422090080	390076064	396827456	393031904	387301888	392935680	382519008	367555424	384332544	362614176	362831200	361529888	360938784	388498016	368579840	359187328	347488448	375249600	364456896	354846208	379202016	386946784	404084448	386864928	390946720	444654592	437582496	426874816	539377792	519029216	510871552	673869696	648065280	621131712	0	0	0	0	0
3595	10.544	213.0556	3-Phenoxybenzoic acid	[M-H]-	10.48	213.05569	Quant\notlatePFAS	16.31	30833832	26800908	28276330	27923476	29952532	27162458	25018624	26541578	26687410	23581342	23880214	24966516	25045282	22840154	24898260	20143336	19505736	19046330	23026906	25666632	22626534	31245676	26530128	25395132	32099036	21265904	28095268	30805642	36915624	31901832	49389092	54100556	45173372	81429232	75427840	73072200	144710464	133515864	148570496	335744576	352387648	349715008	642185664	668532224	613401664	3810168	30126638	32371638	80270208	81646312
1190	8.624	132.05667	4- & 5-Methyl-1H-benzotriazole	[M-H]-	8.56	132.0567	Quant\notlatePFAS	166.22	0	0	0	0	226189	0	0	0	0	0	0	0	297664	266498	312285	1064919	0	293779	2101842	3544705	2556138	7493645	10151986	6070670	15641982	16605457	14582440	27561976	28439818	26889380	75889584	72132344	75693520	165565136	160598016	165805264	333300896	313720384	334534720	823795328	840576000	785267072	1488787200	1511670272	1474266624	747125	68200248	67666568	203310160	207745904
1694	8.611	157.00609	4-Chloro-2-hydroxymethylphenol	[M-H]-	8.51	157.0062	Quant\notlatePFAS	21.11	0	0	0	0	263601	209636	0	250661	247816	0	245745	358105	382266	0	511973	250629	359120	430577	1148404	810278	2027601	2887119	3533313	4023242	7432984	7149560	8757247	12006975	12349368	14525586	35231780	31091978	40878328	81121536	78042104	79421776	161552704	155976704	161740624	393394304	418466176	394735712	743021440	741810240	733232704	0	33703869	33565974	102131618	104673268
1069	8.601	126.99555	4-Chlorophenol_1	[M-H]-	8.5	126.9956	Quant\notlatePFAS	8.63	0	0	0	0	0	232361	0	0	0	0	0	0	0	0	0	0	0	0	217481	0	0	0	0	0	307692	0	0	270732	839359	640513	2273386	2651396	2250798	6607299	6023511	5814104	12100680	11598502	14189699	33505534	33849420	31598944	61155352	60612700	64216084	0	2438792	1837530	7970106	8186650
1070	9.851	126.99557	4-Chlorophenol_2	[M-H]-	9.78	126.9956	Quant\notlatePFAS	21.09	297252	0	236328	0	289931	308482	0	254133	0	0	262875	0	536786	308482	0	0	278527	642109	610983	472113	539329	1294874	994069	299843	2234403	2371313	2073457	4038314	4393146	4571348	11907747	12331329	11380791	26955094	26532808	27110982	55892984	52252280	54312836	138406944	142047040	148972912	257761392	275838592	260079632	332432	13036359	13018642	37785376	36771208
1071	12.386	126.99589	4-Chlorophenol_3	[M-H]-	12.33	126.9956	Quant\notlatePFAS	9.58	0	0	0	0	0	0	0	0	0	0	0	0	0	0	0	0	0	0	0	0	0	0	0	0	0	0	0	1014412	1142245	1186037	4571394	2575582	3724292	7327129	7458492	7741146	14641413	12631557	14331074	38665052	36521612	37906144	62852324	68725640	65703028	0	3301892	2071468	12408553	11370870
2811	6.912	192.06654	4-MethylHippuric Acid	[M-H]-	6.8	192.0666	Quant\notlatePFAS	36.29	10616328	12700386	10647069	13790366	16267095	11780938	10734584	9943890	9633590	13449442	12354569	11690512	8712226	10696208	11334705	8608247	9299591	10143027	13392235	11220997	10124854	10371442	12269093	9536588	13187328	13737579	13031328	16194866	23613072	22290212	36855124	35835808	35293224	60930268	62238328	61075764	118593008	119771904	115441528	287680416	290836160	277447328	536425888	506552480	496875648	6297606	25312138	24314864	89594680	87706400
1322	8.21	138.01961	4-Nitrophenol	[M-H]-	8.12	138.0197	Quant\notlatePFAS	369.06	5135140	4177612	4005690	3528084	2873338	3880011	5230994	4749880	6852808	5107066	5210174	3461934	7475333	8217870	5268222	8528729	9351422	10050437	13667681	13098076	15883699	27183724	28621224	28400454	48924172	43742588	48256592	87756448	88047336	86563952	230009776	244225312	229921088	477915008	465322880	451734112	902647488	891258880	924724736	2243593472	2242876672	2298704384	3940746752	4059100416	3869064704	6117428	171324784	179288512	651014528	706516800
3808	14.287	219.17538	4-Nonylphenol	[M-H]-	14.27	219.1754	Quant\notlatePFAS	13.82	3016986	1711599	1288528	1783964	1412590	3928866	191096	1807484	1445861	1847013	1304058	3518202	2341258	870030	981468	3072021	1586628	2306778	2292275	1554905	1518661	2201470	3146116	1351196	1868228	3023134	4453908	3681218	3099918	4083367	5177884	5690637	6168977	11761570	12544305	9106293	17084450	15964690	20734614	49997168	38366764	37177720	79248824	76024368	71534120	690254	12728981	7576104	20514548	15548870
1975	10.803	165.09204	4-tert-Butylpyrocatechol	[M-H]-	10.73	165.0921	Quant\notlatePFAS	21.52	43356528	53684184	42259544	39111328	45946480	43581180	43266032	37725988	41361332	37930504	34969200	34880320	58123896	51023748	32755728	31642876	36269396	30974166	35172988	50757116	53479408	47250040	51121772	32419462	33344984	35325052	32438538	38076824	47314056	50468684	49530696	27539632	36861752	63624960	44639112	55960072	100367096	90551216	100123880	301255584	309013632	321813824	807447552	818416896	739058560	79106080	0	0	197955904	272150176
3303	13.5	205.15976	4-tert-Octylphenol	[M-H]-	13.46	205.15981	Quant\notlatePFAS	36.04	14615095	14190479	15385744	14190010	10372717	8861242	13489069	13515248	11087762	10199614	13135687	8672294	8435218	11154497	9709376	10444835	11443174	10933364	9368770	10777636	11583573	9277018	14637059	9839538	7906058	11566761	72268720	22183740	15682325	14244579	32688722	31475678	30867606	75512152	61233500	61844800	128535616	123104792	106327936	312138112	326233920	289707328	695353664	689309952	566783680	26117028	0	0	90046936	54203972
2131	7.415	170.02808	4-Toluenesulfonamide	[M-H]-	7.34	170.02811	Quant\notlatePFAS	26.96	0	0	0	0	0	0	0	0	0	0	0	0	0	0	0	0	0	0	276825	0	0	321413	660787	413654	926746	1092375	1012559	2305021	3625264	3068112	8957475	9911101	10575572	21323004	19134256	18647636	44656296	41402672	39978360	113788768	114624328	101782320	217240048	216599520	207504032	0	7396700	7430502	20009946	23497582
1445	8.763	145.07707	5,6-Dimethylbenzimidazole	[M-H]-	8.69	145.0771	Quant\notlatePFAS	27.27	0	0	0	0	0	0	0	0	0	0	0	0	0	0	0	0	0	0	0	0	1167673	4153302	3714180	2530260	9513886	7546327	8218570	18163090	17469688	19228144	41834488	47099588	46946744	99103320	99938072	96719920	221042528	205320384	199294560	494742080	504816192	457665184	937003456	818497408	779415360	0	42497260	36609669	104037729	105554715
9954	11.751	426.96744	6:2 fluorotelomer sulfonate	[M-H]-	11.67	426.9679	Quant\notlatePFAS	162.18	13881356	15739396	14523659	13476187	11427757	15377135	16029120	14455393	17337900	16214153	15218116	15409295	15578063	15634494	18141306	21013506	20571694	18637528	26480314	21082674	22609702	45123972	43978160	45660180	75827872	78204128	73610000	98921624	116845864	116103840	290177344	300746656	314550112	599458816	536519776	528013472	1071386176	1001904064	977855680	2150735104	2178345984	2183841280	3293568768	3318379264	3188073728	11055883	183911248	180021984	660993280	623492672
3703	10.166	215.98167	6-Chloro-2,4-dinitroaniline	[M-H]-	10.08	215.9818	Quant\notlatePFAS	638.58	0	0	0	259643	0	0	0	0	0	0	0	0	0	0	0	514926	1792057	1987649	4004699	1778472	4006755	7889526	8298716	7934704	18665962	20297808	15871917	32696942	30838346	36490028	96547776	101927952	106200520	197919152	199627584	187766032	376190048	369141344	403563584	1037028352	1120764416	1068309760	1960619776	2020427520	1988247552	776011	104555104	103780032	370661984	358389824
19560	14.272	871.48468	Abamectin	[M-H]-	14.21	871.48492	Quant\notlatePFAS	37500.52	0	0	0	0	0	0	0	0	0	0	0	0	0	0	0	0	0	0	0	0	0	0	0	0	0	0	0	414687	0	273823	832054	745807	976260	1922546	1873038	1419922	3620847	2866676	3916180	9571999	9674067	9354892	18976366	20104346	17023142	0	403960	0	2475356	1648438
2490	4.658	182.00453	Acephate	[M-H]-	4.48	182.00459	Quant\notlatePFAS	15.98	0	0	0	0	0	0	0	0	0	0	0	0	0	0	0	0	0	0	0	0	0	0	0	0	0	0	0	0	0	529981	3194032	2577460	3756610	16127685	17133470	15559347	41359112	37268844	36156920	108429896	100301888	91307240	209039936	214028896	200732832	0	0	0	20142751	21503734
1837	2.599	161.98657	Acesulfam	[M-H]-	2.51	161.98669	Quant\notlatePFAS	30.49	42791040	41738880	54834004	45748900	38639096	39887880	43393244	39859960	34175228	43097552	43822472	42055708	41188436	45613480	43853444	37188332	44025252	56732248	45807504	52616896	41678448	48641440	52437300	43425448	43753812	41170608	65111708	121131640	44037372	56112256	61290148	55693408	50416900	65835504	79976808	87343504	100268656	88305096	90941528	131093608	175448208	158970928	309760864	341566080	255203280	0	0	0	0	0
314	10.524	92.05045	Aniline	[M-H]-	10.46	92.0506	Quant\notlatePFAS	6.62	0	535562	0	189130	1078002	0	0	0	0	518158	0	0	0	0	0	0	0	0	0	320648	485800	709367	0	0	0	0	0	0	0	357823	850490	1680231	0	1025660	0	0	2030491	651822	389534	4970143	2088004	1132021	4917516	5855765	4301724	0	0	0	0	0
4	8.471777778	187.0976	Azelaic acid				Quant\notlatePFAS		704583561	676521627	684681057	515854017	610651526	587954201	570559824	573129669	634735018	548636640	496940461	501654933	522863740	499483654	542826864	546913281	565946417	460393187	481498671	504552118	492978364	469132759	466863552	521260177	549830434	496216054	479740797	346688196	507439970	455468426	549442373	606640804	621772034	587159513	570384584	711574295	653409817	665765240	650060879	932459195	946662491	987439100	1357040981	1282686727	1298798340	0	0	0	0	0
4505	7.197	239.04945	Bentazon	[M-H]-	7.1	239.04961	Quant\notlatePFAS	267.07	254933	230040	227409	0	322475	0	0	519113	0	366517	538477	0	1264884	1606261	1083943	3549583	3206844	2663262	7279210	6054728	7035248	18961910	17616306	20240418	41250692	37140372	38469116	68093368	70506024	70521080	180505440	191282144	201466304	407060064	424252352	388694112	769809472	766492160	783774208	1928014208	2056786432	1974001152	3444014848	3464842240	3458807040	1609583	150361008	168583984	599794752	559463424
1683	5.759	156.01245	Benzenesulfonamide	[M-H]-	5.66	156.0125	Quant\notlatePFAS	22.86	0	0	0	0	0	0	0	0	0	0	0	0	0	0	0	0	0	0	0	0	0	0	0	0	293402	0	0	725308	386315	361727	2855434	4021465	3010538	9341537	7705104	9122395	17409952	19155596	18859504	52128268	54729744	48655588	106937592	103842480	102202336	0	2474956	2477127	10779839	10489280
10021	11.058	429.05338	Bicalutamide	[M-H]-	11	429.0538	Quant\notlatePFAS	601.06	378610	275409	758325	0	909378	716885	714239	0	467593	1950416	2004258	1942632	2898047	4187026	3783128	6532116	6799208	7494058	14883880	14601921	13296102	39440780	36027272	44727924	79927728	74877056	78609312	144739152	138023024	158112688	394013408	403563552	410630432	792574912	791865600	798167424	1568181760	1638493568	1657265664	3883215104	4078470912	3752628992	6887640576	6549342208	6758341632	3438336	302822272	292029504	1154354304	1101176832
6880	9.916	316.90762	Bis(1,3-dichloro-2-propyl) Phosphate	[M-H]-	9.9	316.90759	Quant\notlatePFAS	6344.64	0	0	333337	0	208753	260281	0	415046	0	0	0	0	368764	0	0	0	0	0	759202	653387	0	1287052	1698232	2435177	2885590	2665277	2951611	3559969	5241614	5349868	13285129	11958710	12144384	27539140	31366100	26237452	58649016	59430872	51519320	131833992	142510736	126547424	238748592	226712608	237558096	0	15207893	17750904	46164492	65784560
7030	13.38	321.21988	Bis(2-ethylhexyl) phosphate	[M-H]-	13.3	321.22	Quant\notlatePFAS	178.46	3643781	0	3085624	1770917	599839	2218622	1600799	1678335	1348372	1911737	3686904	3480014	1636536	847408	1236192	2102201	2267771	1787768	5256494	3217803	3155281	6855844	8955753	7634904	8652134	9338129	9842302	18488384	18831504	15999842	42879244	40601904	54802412	109578880	111384744	91157832	169044592	155528256	204666752	411243552	439139296	434717248	808350848	822565888	784168128	9424947	78784184	117345264	216685824	323288544
4103	10.919	227.10765	Bisphenol A	[M-H]-	10.85	227.1078	Quant\notlatePFAS	36.66	6819729	5309558	6534934	4900052	6066672	6156540	6693467	6907090	6017668	5192120	4750634	3474867	5013846	5614420	5838538	5002800	5053208	5254483	5387254	3783780	4148589	8443231	9924418	9328881	12079690	10211630	14041948	21259246	20421724	20806208	47832344	48611152	49284500	96652672	94594432	92291496	193566112	175748944	183062272	474965856	469513632	466206880	908055872	859616320	878665536	6209867	37818516	34025536	100849680	104431280
5547	8.723	273.85083	Bromoxynil	[M-H]-	8.62	273.8511	Quant\notlatePFAS	1322	0	899432	284057	495793	655451	938731	1165640	850716	1520332	1081900	1280835	1190759	919715	836906	1202685	2795681	2243013	2647734	4482234	4741086	4612866	10415240	11087051	12435245	23192354	23054762	21298604	42477732	44350892	46770608	109851512	106601448	113632832	237607136	223026336	224941440	486812576	480135168	468473728	1181110272	1252016512	1189358976	2217284864	2244061696	2223812096	1333340	103961544	103679256	389770240	427883104
2588	8.016	185.08183	Carboxymethyl-cyclohexanecarboxylic acid	[M-H]-	7.95	185.08189	Quant\notlatePFAS	67.42	27142182	22010562	9150690	11086704	10818288	8853874	13246565	11277222	24107684	11431348	8983824	11058003	10981554	14811232	10799793	11846565	16892044	16142108	14441393	11772562	13972700	18872708	19083584	19647754	28325568	23310292	21530076	28512522	34101668	31579110	66944312	65276108	72872848	127152704	116864440	127552616	240526016	233545808	225554880	618056064	591999744	574151680	1153108096	1093803008	1110395136	2192795	52764308	59859244	178564752	179749216
7013	8.53	321.00494	Chloramphenicol	[M-H]-	8.45	321.005	Quant\notlatePFAS	836.91	0	0	0	0	235402	0	0	0	0	582000	0	0	1356682	1141945	265719	1309174	1372705	1314444	4038985	3911922	4545464	13578797	12999437	12755123	23983918	23342298	22399132	46654452	44268384	44431876	120593344	116294040	123025632	258234976	259699168	243434864	521652384	502214720	461171712	1226865920	1206722816	1200715392	2211322368	2035310464	2059913728	1055083	78425016	81851096	324099360	305828480
11316	11.183	479.96298	Chlorantraniliprole	[M-H]-	11.11	479.9635	Quant\notlatePFAS	130666.03	0	0	0	0	0	0	0	0	0	0	0	0	0	0	0	528851	0	0	1884539	0	1570622	4678006	4405688	4254400	10611306	7529342	10735317	18885938	16620982	18595256	48116684	43094180	46750576	93886792	90808072	83899184	178442752	169598832	167811248	369031904	330510016	311513472	581690368	517777792	514878592	0	39775484	35857428	127757080	130936992
4701	9.871	244.90799	Chlorothalonil-4-hydroxy	[M-H]-	9.77	244.9084	Quant\notlatePFAS	835.31	138505696	137393728	133301784	122085008	131561976	127888176	125265192	125355256	131534800	116317712	122405080	126280480	123216680	125177216	121314224	126454040	139085888	124999448	129993624	125298696	130429208	140034368	137511664	144042672	182670432	176907152	170876096	208539280	215185232	215918288	393602272	385794944	420025184	704614912	666717184	675838400	1264781568	1327267072	1265404800	2911659520	3103687680	3132141312	5151841792	5344600576	5422365184	110482552	350231072	396489824	1019180480	1095676800
4941	9.404	253.05045	Daidzein	[M-H]-	9.32	253.0506	Quant\notlatePFAS	357.39	2137036	2137285	2687284	2350005	1714438	2485876	2881312	2244450	2208024	3209216	3065896	3869358	4309174	5323312	3513340	9162838	7938021	7056374	14621044	16104734	15624033	33991508	37397764	31398724	76628472	75409896	77051432	136824592	130783952	139817552	343157280	345405696	371151968	750308608	705096448	682704064	1446897152	1420675200	1307917184	3285284608	3558810880	3511121920	5756669952	5816404480	5732274688	4686906	294123712	296737184	1031545792	1099768960
5328	12.388	266.99841	Dichlorophene	[M-H]-	12.33	266.9985	Quant\notlatePFAS	662.83	768645	1801770	1415516	1076514	1514286	1278867	1265858	1848914	731256	2817038	1639928	1960511	4301640	4609952	4176957	6722254	5362504	6876602	14772704	14975186	16262952	36008140	35534356	37989548	72380120	75066456	70190344	129055912	127890016	136297152	341257344	315057920	351696160	754511680	683294336	680228736	1417438464	1361531136	1390670464	3173072384	3390948864	3354514176	5691777536	5655557120	5738572800	345617	315044864	259618368	1104203520	981862272
6195	11.622	294.00928	Diclofenac	[M-H]-	11.57	294.0094	Quant\notlatePFAS	97.22	0	0	0	0	0	0	0	0	0	0	0	0	0	0	0	0	0	0	0	0	0	723217	0	1565789	2951132	2213823	1096514	5649272	5155482	4000302	14288139	14920887	13870071	34124488	33959356	30390192	65878252	63607576	71823512	168822400	175646528	177515616	329570400	324247648	319393184	0	13798286	15766830	56914976	51049304
4509	11.129	239.0672	Dinoterb	[M-H]-	11.08	239.06731	Quant\notlatePFAS	295.89	5709390	6188685	7100216	5489418	5313638	5202702	6362411	7308985	7524875	8605388	8220972	7470296	10060300	9315109	9205944	11419954	11087661	10862240	16972858	16790634	18009992	36509124	40854808	35938624	75706352	68157288	72423464	131503344	124408032	129729328	328481408	332057632	343304928	670044736	659217984	650704128	1413540352	1337111168	1392981504	3280563456	3163774464	3144658944	6024182272	6214835712	5930064384	6706040	300152928	338619648	1171554304	1285534720
4821	9.174	249.0321	Diphenyl Phosphate	[M-H]-	9.08	249.0322	Quant\notlatePFAS	29.16	1731000	692263	1122641	1696453	781936	1428199	5438972	1262364	1528777	1838413	1211836	9709913	2138400	18469158	688371	2006603	1978247	1623350	5162884	4956446	2751246	5140540	5901910	6289646	9114701	10724954	9553459	15757006	18394678	19573634	45441316	45543548	46857528	101781944	107016728	93447264	207066016	185570688	195764576	451201152	555094528	515547712	1020171968	1002146432	1008163392	3140377	37898156	56822704	169831296	214670336
6889	13.827	317.10431	Disperse Orange 1	[M-H]-	13.78	317.1044	Quant\notlatePFAS	64.08	0	0	0	0	0	0	0	0	657133	0	0	298476	0	0	335128	0	0	0	295481	0	616576	731811	532431	1819155	2242630	2953482	4070727	5395696	6976214	7140202	17611686	16693741	17098216	40558920	37732764	38314936	97243688	80222656	94732208	202930272	159193792	201831408	372187616	414447360	279309056	0	41875804	34407248	100577688	115598888
5368	12.585	268.10901	Disperse yellow 3	[M-H]-	12.52	268.1091	Quant\notlatePFAS	675.11	661580	1457875	1094460	1728998	912024	1028554	0	644631	585868	365406	481034	1050613	1302059	1794565	2723876	3219720	4095434	3803466	6115125	6734455	8436152	20048200	17314386	18445646	34993248	37738112	35802360	55004968	69592936	72759720	171446192	183685424	198520768	402015328	343446304	387488416	828698112	822845824	809429952	1968380160	1971733248	1900933760	3620406784	3511500544	3329033472	520200	174261744	161653216	520287232	549307840
4231	10.951	231.00961	Diuron	[M-H]-	10.88	231.0097	Quant\notlatePFAS	118.1	0	0	305762	0	0	0	0	0	0	498182	335534	782071	922613	1397157	1137777	2395500	2785354	2867201	4610386	5183236	6009677	14285984	13447692	13166739	30960598	26422874	27208536	51407872	50223776	52377788	137127424	137875952	147151152	290637184	283786560	281086528	606135488	579143552	568376000	1523168000	1404227328	1418194944	2720806656	2575384320	2606026752	1023314	134274608	132735608	368342272	385436832
3001	8.449	197.02029	DNOC	[M-H]-	8.36	197.0204	Quant\notlatePFAS	281.49	1600580	857677	1644693	941613	1215665	873400	1679458	1314015	1385931	1560465	1627668	1605510	3115858	2392934	2256846	4124004	4587682	3733959	8187314	7784388	6671650	16420361	18144060	18832146	35100320	37582336	35596228	67274856	68057312	63928784	184412448	188906096	182005296	379883776	362942016	371120064	787960960	726028992	749555328	1911313792	1947150464	1932628736	3604378880	3441798656	3610487040	2818044	167302672	180997104	651576320	693781184
19762	13.731	884.51642	Emamectin	[M-H]-	13.74	884.5166	Quant\notlatePFAS	79425.83	0	0	0	0	0	0	0	0	0	0	0	0	0	0	0	0	0	0	0	0	0	0	0	0	0	0	350826	849706	0	0	1149769	1153513	799263	4742244	4823722	4353584	9151487	10462770	10815747	28486342	24868022	23257216	49550264	52763056	54764224	0	1766499	0	5332276	939457
6292	9.875	297.11313	Enterolactone	[M-H]-	9.81	297.11319	Quant\notlatePFAS	392.78	664431	1017899	605372	287615	435714	0	355989	653525	344283	776905	1340611	688355	1577823	1254250	1616859	4406896	4249624	3753903	7526106	5506125	7140305	18871488	16545800	17293422	34768652	33759128	33191100	64229904	64660228	59626896	172542784	166232752	179899136	368191584	332039264	325601792	683634688	691858112	642005120	1585015808	1625339264	1617145344	2744244480	2601822976	2611792128	1305919	117217328	116584304	448259776	409748384
4574	9.831	241.08696	Equol	[M-H]-	9.76	241.08701	Quant\notlatePFAS	33.73	236218	583535	0	0	214016	266796	1495896	0	250308	0	0	583767	1805742	1388322	944289	1182119	1437071	2240236	2369912	4092510	4382896	5364642	4965709	6508560	10807497	11518219	10798323	19069252	20980260	20852134	48735076	50917064	53430736	107925016	104565840	99173424	220351760	198477760	219170144	527627872	544495936	539971328	973762048	1009936896	991238208	2041676	43959244	44376536	110868608	112308568
5483	11.47	271.1702	Estradiol	[M-H]-	11.38	271.17041	Quant\notlatePFAS	38.78	350500	959211	305368	212896	758937	314292	327141	786870	366161	338332	1356462	589806	844280	337854	507702	441991	480828	346590	1628292	667241	1019225	2622052	2517206	3073854	5359410	4982760	6924846	10877494	10875978	10631699	28169814	29255694	27133030	61359876	55979624	62284928	127623864	114631736	110651384	313564064	299556032	298034720	627593088	601944000	585680640	0	17341374	16679732	53077968	53153072
6226	11.514	295.17017	Ethinyl Estradiol	[M-H]-	11.42	295.17041	Quant\notlatePFAS	52.94	0	0	0	0	0	4288800	402646	307070	294121	0	0	7071110	0	4601820	0	0	0	0	0	829459	636584	1573335	2325354	2016724	4049337	3850739	3691764	8055382	7942266	5546046	20455538	19644114	18304032	51040068	49121844	51392376	101021264	94349448	99343472	246690592	257794544	256807280	540894144	477999008	452062624	379703	15423894	14108470	39903116	36754748
8570	12.718	373.11911	Famoxadone	[M-H]-	12.66	373.11938	Quant\notlatePFAS	61.92	0	0	0	0	0	0	0	0	0	0	0	0	0	0	0	0	0	700364	0	243195	385204	938893	1229282	1082929	2985505	2167461	2753152	4385832	5955124	5780522	15616757	12606649	13275319	31062170	27366394	26988778	66080772	62220852	68289032	192540864	179995664	177901760	418011904	397505344	403106976	0	16598387	12904671	57166100	46155732
6991	10.554	320.04938	Flamprop	[M-H]-	10.5	320.0495	Quant\notlatePFAS	204.87	0	0	0	0	0	0	0	0	0	0	0	0	0	356910	0	578327	457012	338114	1128017	503740	791164	2935019	2595531	3158823	7148324	6983132	8180483	11405974	13960467	13181565	37198720	36344676	34523948	78230864	71592904	67575224	155667296	153930112	145863184	399485728	408297536	413964288	804290304	818590464	777110464	0	28885710	29313418	104783992	109555656
7216	8.25	329.00024	Furosemide	[M-H]-	8.17	329.0004	Quant\notlatePFAS	187.65	235815	366476	304377	239184	338051	257115	498246	1131831	293327	334027	0	603390	323651	586756	465627	286486	374473	681385	745450	303395	1163003	2856928	3797892	1718283	5612142	5411470	4729184	9617634	9916490	11713590	30162466	27802774	27469024	61579008	57348968	62007520	128838352	123200696	117508992	286999264	287191104	273429504	521377408	508970688	516139648	278163	17344452	19888772	77208616	77558776
4834	13.18	249.14958	Gemfibrozil	[M-H]-	13.1	249.1498	Quant\notlatePFAS	23.96	33748760	33976468	33809912	40152280	35177588	31815568	31572446	32014292	32290166	28938254	31439744	38606624	27500084	27023504	33896284	27374444	36263844	31939758	31099898	29827400	34060076	30810524	34683908	33250762	31326438	28464938	36733992	35759268	35316104	40917240	41273892	36529516	46187120	49571924	57922412	55169764	87374160	72817520	83632720	165878176	159682992	155099504	306841600	293440992	287291040	12615866	31934358	25645936	51210752	47276260
6263	4.644	295.95709	Hydrochlorothiazide	[M-H]-	4.52	295.95721	Quant\notlatePFAS	76.93	0	0	0	0	0	0	0	0	0	0	0	0	0	0	0	0	0	0	0	0	0	0	287071	0	0	1122875	389342	4855114	3860685	2768938	13327299	11283622	13518656	29474674	27780530	29780526	58505828	55428900	59666120	163097696	178844928	165397232	311324512	308795040	305531520	0	9285333	9548586	43537108	43742100
1514	9.061	149.06075	Hydrocinnamic acid	[M-H]-	8.98	149.06081	Quant\notlatePFAS	52.92	100682056	99804248	94006760	94773152	92555048	86842336	79077368	87872568	84666408	76235704	75757416	72725528	72580312	68448896	69642360	68760168	67625936	62316268	62029424	62594320	62392392	64349032	60675692	64426644	71430456	67873320	66557512	66372164	65534896	65775916	75381256	75874608	75419144	91856464	86624984	90158032	124056752	113472000	119650496	207019024	219305664	214767232	352472128	352146176	342048064	0	0	0	0	0
5	12.25355556	205.1234	Ibuprofen				Quant\notlatePFAS		86917039	97558563	94304564	87941204	92463441	78900523	82622691	79013358	74872174	73149952	80390414	69437230	61145447	68304348	66005140	58272840	68753709	70775904	66303133	54435732	60100709	58788746	64842191	60255973	59807054	63423348	63193007	59570770	62610321	57950870	55921074	58806280	54936386	63648991	57427165	60293159	69033181	65113227	66055398	77365636	80310589	77770625	82277087	87914464	89635578	0	0	0	0	0
7461	11.537	337.07471	Inabenfide	[M-H]-	11.47	337.07489	Quant\notlatePFAS	325.06	0	0	334794	266289	0	339545	0	0	335598	415182	985292	1050059	2525825	2474638	2232044	4368128	3890537	3589184	8558488	9746657	10333109	23393444	24194316	22257516	51376788	48439660	48596592	98329504	99275344	93413632	247225504	233159136	249257040	553030336	524254624	503018720	1063792000	1022026304	1066732544	2514770688	2498259968	2478014976	4858530816	4575408128	4511448064	1148866	193881920	183767760	709284928	674478656
5179	12.427	261.06683	Indigo Blue	[M-H]-	12.35	261.06699	Quant\notlatePFAS	19.56	0	0	0	0	0	0	354724	0	0	0	0	343440	0	0	0	0	0	0	0	0	425334	891311	724120	446843	1856067	928622	1836072	4226417	3477550	2736544	10506416	9277761	10042543	24431828	24211348	21934394	45021836	48727656	49588876	136875216	126231960	129086424	278722496	250612000	250988656	0	11831446	9975475	34338988	36899160
9808	12.231	420.97958	Indigo carmine	[M-H]-	12.14	420.98059	Quant\notlatePFAS	10.01	0	0	0	0	0	0	0	0	0	0	0	0	0	0	0	0	0	0	0	0	0	0	0	0	0	0	0	0	0	0	0	613370	0	1376746	926242	647594	3588168	3239096	4140146	11784586	9396523	8433831	12253090	18478664	12984387	0	0	0	0	0
5294	12.892	265.1478	Lauryl Sulfate	[M-H]-	12.8	265.14789	Quant\notlatePFAS	216.98	202989168	261767584	258364704	184988048	372482176	307827136	260384672	241201744	250308048	203473264	245084864	226433904	284063648	264125472	347024000	334789056	321667520	162330400	225646480	209077712	324980576	525410944	238726960	332333184	297130336	316018240	236309824	250779536	240227424	288789408	237283232	367965824	463560768	488940512	268604224	393329696	638635200	480902112	579994112	1166467584	1085251584	1066477824	1615374208	1477620480	1334713472	0	0	0	0	0
3070	9.335	199.01663	MCPA	[M-H]-	9.23	199.01669	Quant\notlatePFAS	114.27	252434	0	0	0	0	0	0	0	0	0	0	0	0	0	0	0	736450	0	321274	242290	567998	2286597	2272904	2433550	4737268	4804304	3087668	8602457	7479814	9860680	26725848	24397740	24248580	54712376	52446884	50203876	112446552	112539400	106514688	272523424	291051168	273513440	545203776	543470656	518252704	0	23940726	21653022	83081136	94760648
11947	13.407	505.10999	Metaflumizone	[M-H]-	13.36	505.1105	Quant\notlatePFAS	6924.94	0	827246	602408	0	0	368596	0	0	1514739	0	0	0	0	0	0	789548	0	951672	1081426	898764	527269	1629510	2833087	1012719	2505276	3476838	3316307	5842406	5716399	4950595	13595993	11557410	14860194	22604422	32253456	24674738	41243096	36816484	59127928	104933952	76795456	103248456	171126368	189769616	158419232	390089	46810056	23553070	84377760	70829200
1569	8.688	151.04002	Methylparaben	[M-H]-	8.61	151.0401	Quant\notlatePFAS	78.28	12951712	13239621	15244301	13803081	15311001	13362968	9701671	12958989	10925148	13299113	8944871	9477014	9902733	14280503	9831272	11361676	8090602	11229238	13815168	13394452	11892944	15068237	13547201	13745603	19992900	19498140	19709382	25593794	29052710	27466844	59787648	64582120	59411172	104110504	104348016	106073728	208338864	215793568	214949328	490513760	560251136	511776320	881518912	976202688	924338432	6158648	47736004	50006368	134936752	129173616
6162	9.843	293.13934	Mono (2-ethyl-5-hydroxyhexyl) phthalate	[M-H]-	9.78	293.1394	Quant\notlatePFAS	37.78	22276098	13531686	16036611	18677396	20111426	13523019	21696666	21489040	14788708	13344893	20231726	21380048	19081796	18956908	19596030	15262431	14583255	15463824	22827256	18689724	20928814	21778454	23933082	22146708	18595798	27308790	24566638	26112770	27459634	28769948	40776924	41363100	42274956	65300676	62031048	62917812	110509584	108857728	103740056	249367392	236546432	230312432	446553856	425185216	427116704	8654062	24136512	32234870	69347296	69868792
6596	9.424	307.11856	Mono (5-carboxy-2-ethylpentyl) phthalate	[M-H]-	9.36	307.11871	Quant\notlatePFAS	61.92	2679955	2909226	3265092	2982333	3594826	3621684	4171239	5232406	4063212	4736836	3777720	3192895	4436565	4049263	4742876	5145348	3897842	3609500	5847322	5015806	6310761	7698614	7714771	8063634	10330188	8980152	10318372	12790862	18021906	15804601	37862916	36812072	41365108	75595456	75764176	67277088	141744864	136346864	115782608	322048192	331574528	352321568	568980416	599689152	569935232	1809085	21653192	22030662	84472216	82877944
2838	7.009	193.05057	Monoethyl Phthalate	[M-H]-	6.91	193.0506	Quant\notlatePFAS	9.68	65774564	58171368	60539228	57270528	44199604	55463020	36973896	37634236	44323292	41549596	34799464	52436184	30952746	36486640	43634228	28998240	43179748	32229236	39796504	26514232	32312928	28455120	34284880	41938188	39935828	40069560	34144408	37696648	37616796	34182000	52587448	43489508	45532484	61449444	51918892	58629804	76193808	76379080	73861928	150075200	154957344	144650048	283052832	261190992	247168880	0	0	0	0	0
3880	9.285	221.0818	Monoisobutyl Phthalate	[M-H]-	9.22	221.08189	Quant\notlatePFAS	34.8	52158516	63592520	56065836	51937776	45054808	64931968	54950636	57094108	48876276	44921348	38725984	44225132	41068160	48160020	45363368	49290128	61843332	39386168	39877168	44698660	38898364	41743092	37949840	45550600	40714204	48983408	39617504	45151664	53325060	44371904	58662068	69550600	71602800	100652864	84535144	90909632	158551040	143265296	135283776	300669056	325042784	332119520	551672128	548838912	552898304	32145090	0	0	80505072	86327600
3256	7.431	204.06656	N-Cinnamoylglycine	[M-H]-	7.33	204.0666	Quant\notlatePFAS	42.6	21710962	22132370	19483768	21129954	23805536	22659370	19671430	24375808	20613356	22083330	22616988	19581436	19779358	21584826	20851534	21590056	23780210	21266636	21839008	21307560	21182688	20854368	23480186	20738042	27148338	26683834	23824078	22921180	32790470	30946562	36810824	38929844	44993560	62806780	62572244	64349352	116602208	110013880	96124296	223971952	244246528	251063536	405448576	391301984	384611840	0	0	0	0	0
13828	13.013	583.98273	N-ethylperfluoro-1-octanesulfonamicoacetic acid	[M-H]-	12.94	583.98297	Quant\latePFAS	186688.19	1120012	303431	504806	662195	0	356222	0	417736	394814	0	318923	344789	0	0	0	0	0	0	664413	400293	0	1388248	975685	1285697	3150793	3349596	3479572	4162962	5859070	5872629	12186426	14590572	14498366	28629000	18478132	26803048	56385312	50186684	51296872	159439792	98524256	111167704	211001888	205141920	199035920	0	74606952	35951252	100170320	76225208
5452	12.69	270.2074	N-Lauroylsarcosine	[M-H]-	12.62	270.20749	Quant\notlatePFAS	216.56	23627276	27966460	28513490	28006216	33333488	30658698	26712908	24856352	25591642	24780750	30194758	29228142	29300386	29489494	32059092	28410178	27192084	22112296	26588168	30096722	33106522	38874096	31994310	33271538	41921032	45525304	40304080	36980796	53848940	52399868	88236280	85917512	94761248	175149648	150740544	160057904	305651424	303278432	315271968	818761280	710288320	712829312	1363445632	1306001024	1273076352	21345284	71000664	78793656	190795456	229555408
6742	11.907	311.97455	N-methylperfluoro-1-butanesulfonamide	[M-H]-	11.85	311.97461	Quant\notlatePFAS	22.13	0	0	0	0	0	0	0	0	0	0	0	0	0	0	0	536220	0	0	0	0	0	0	1675162	0	0	328083	0	290081	0	919966	1249906	2495791	1743315	5296510	5229957	4669910	8183688	8766264	9113871	20204186	14679681	17484186	38266256	43264624	44503604	2339964	77014880	196446448	310977120	705121472
13490	12.845	569.96722	N-methylperfluoro-1-octanesulfonamidoacetic acid	[M-H]-	12.77	569.96729	Quant\latePFAS	262953.91	489763	877717	430628	0	310858	629747	821337	728510	1891488	472900	810416	408881	0	449997	0	604537	744532	0	836223	1296419	398585	2609812	1285040	2148470	3735125	4493856	4345982	5407310	6877545	8140251	14214974	21717768	20798204	44491940	28510778	38488784	82147088	63969588	70996856	225995024	154529120	174216544	308239840	318445344	301374688	0	80060352	39586312	105550528	98702696
3560	10.541	212.07495	N-n-Butylbenzenesulfonamide	[M-H]-	10.47	212.0751	Quant\notlatePFAS	43.38	4480755	3610232	5161450	4974410	4397876	4067990	3689421	4267879	3239512	5478296	5260888	5392816	5683255	5709583	4260868	5514974	4554867	6574272	5898626	6729764	7479518	10368149	9191447	9232245	10358859	10288447	13880150	14362175	15105513	16037952	27232632	27825406	26263742	48303116	48281484	49897684	95765352	96448784	86549984	231393984	242600592	233273248	475842592	442909216	399420192	2142713	17394860	16615566	49522792	54755704
1000	6.461	123.04511	Orcinol	[M-H]-	6.41	123.0452	Quant\notlatePFAS	21.67	7553632	5525464	6704599	6720700	6093466	6498978	5968739	8268444	7727744	6819526	6111458	5751372	5230005	5321220	6753990	4519225	7626834	6238308	6089812	5059713	6361202	9183961	5596328	7391324	8822348	7135560	4320899	11681254	10707440	9326190	17614000	15364492	20083404	24406686	25830466	22438154	43338060	38579040	42054124	97527456	99593656	99175432	185305136	183094000	168493072	12520771	0	0	26336770	25463996
1545	4.834	150.05598	Paracetamol	[M-H]-	4.72	150.05611	Quant\notlatePFAS	11.28	3247675	2259816	3332796	3647050	1808445	4018088	2868005	2905858	622038	1200466	2466951	3757096	1500827	2978083	962500	910260	722677	1876341	1858908	1326892	674444	2306489	1368271	3307590	850134	1236211	1923812	2743453	4975556	2229346	4563009	6192710	7377954	15472960	15102162	13613001	25009808	24371858	25279960	60903876	61485992	59460928	112193656	115883688	106550704	0	0	0	9576838	9891745
5223	12.482	262.83963	Pentachlorophenol	[M-H]-	12.45	262.83969	Quant\notlatePFAS	759.85	7488227	6226690	6928386	8284606	7090552	7157962	7456298	5398456	8742499	5685219	8086732	7904646	8156954	6652774	6522348	7618800	7008557	5693688	7409952	7743681	9124249	13421628	13317277	11706300	20256584	20247788	18264886	30477382	31694020	32174686	65055488	69810344	68692784	138712400	128643536	139494672	278956352	266249792	273802368	648540608	615723328	655091264	1173129728	1230582528	1147350144	8376924	76560304	88180312	255987632	308812352
6352	9.54	298.94275	Perfluoro-1-butanesulfonate	[M-H]-	9.46	298.94299	Quant\notlatePFAS	703.48	2347612	974002	1484868	1537706	2413170	1598075	2565539	2180071	2455828	3852193	3754264	3157727	7098863	7058406	6077127	10296530	12446948	13536661	22156900	23962514	22519008	54709392	57454828	55130804	108913456	109494880	109963592	202144240	204911072	196620480	524505696	518591392	524260704	1116219392	1082909440	1054709824	2202668544	2168723968	2135017856	5106939392	5157947904	5033388544	8886211584	8570727424	8898272256	5443080	473461408	514235264	1674934784	1779687296
14155	12.941	598.92365	Perfluoro-1-decanesulfonate	[M-H]-	12.86	598.92383	Quant\latePFAS	765771.44	4240372	4100211	5669092	4427994	3607900	3782498	3054272	4138628	6514870	3664526	3285885	3124322	2618252	2609749	3951063	4592760	3927321	3153081	4731680	4012015	3688484	8014698	6099410	9348625	15512185	17825494	11950628	10289850	17361006	24150110	36556952	66378436	81052784	170199584	54912164	117971432	269895616	183035968	216434000	791497088	590898048	740068864	1183504256	996429632	791573312	2437872	227062992	90108448	343808864	307925952
16383	13.461	698.91754	Perfluoro-1-dodecanesulfonate	[M-H]-	13.38	698.91742	Quant\latePFAS	75868.99	9606246	5927371	7421862	7386894	6293588	7221512	5650936	6888432	7060927	3433724	4067065	2909278	4007076	4519826	3317268	7515981	3150034	6358935	3829994	3876187	3121640	4663543	5162230	4745195	6530390	5174998	4960172	6327395	7003168	5173049	5334390	5773816	8179544	7309721	5339068	11545627	8812471	15179248	11774402	36606440	24300866	22876866	36321272	41071280	40160544	1423365	223979088	67408704	238590176	191817968
10571	11.769	448.93289	Perfluoro-1-heptanesulfonate	[M-H]-	11.69	448.93341	Quant\notlatePFAS	1735.43	3366222	5666682	6265397	4038599	3956601	4949293	4180020	3675768	6491278	7338656	5415584	6666743	8654230	11169656	9722396	14206471	15628608	14578738	26808762	26072690	25296718	64029484	58624868	68997704	124578776	126497392	127779544	201326304	224706192	244418880	592746368	614320256	656878208	1303587328	1158667648	1234822272	2473117952	2393471744	2400333312	5677556736	5788273152	5821896704	9305037824	9560854528	9133405184	7023384	576718016	545909120	2042796288	2007739136
9265	11.203	398.93607	Perfluoro-1-hexanesulfonate	[M-H]-	11.14	398.93661	Quant\notlatePFAS	364399.66	34469436	33483570	28794510	31846800	32268894	30766482	33579884	32809638	31491272	32429182	29346642	29035714	34088768	34300692	37052532	41806376	41410896	37377696	49121464	49777348	50116880	86744544	83447088	87402096	157826768	151795312	153473472	258971664	261732592	263052752	651194368	636014848	691025536	1329504384	1237701120	1224347264	2556886016	2540793344	2542280448	6163555328	6370233344	6187213824	10844076032	10765415424	10399763456	29075710	601553984	585083392	2186284544	2192126208
12991	12.614	548.92657	Perfluoro-1-nonanesulfonate	[M-H]-	12.53	548.927	Quant\latePFAS	2557012.75	2908566	5136006	6074568	4347302	2786022	4330674	3056448	3204327	6935826	2793418	3077671	4224246	5769266	3610064	6829778	8723279	6511474	5964024	10025840	9529462	15577094	24777304	14336789	28803086	52476092	62438096	43916208	43181488	59729616	93392344	167199904	242080272	308994592	640433216	285589312	474992480	1004499968	820425664	891726080	3096155136	2471056384	2800482816	4438914560	4060137984	3513461248	2488450	347656128	193667200	887961536	884129600
11768	13.17	497.94589	Perfluoro-1-octanesulfonamide	[M-H]-	13.13	497.9462	Quant\latePFAS	927459.94	3024326	4136195	5749449	3075163	3017980	2995361	2315764	2547603	7094426	2157164	3326760	2578678	2601680	2032469	3192992	3478143	3974314	3385266	5367832	4437516	5391851	11988538	8615522	11934792	20347130	23689772	20673836	26888596	28647240	34994352	81129968	90640208	110151624	228509088	164001856	174154960	367832512	309003104	411709696	1056438272	863542528	1019717760	1797494528	1601676416	1541788288	1528326	210765808	89799568	479871072	338525280
13167	12.636	555.95135	Perfluoro-1-octanesulfonamidoacetic acid	[M-H]-	12.57	555.95172	Quant\latePFAS	695001.12	836653	3252215	3362243	3115247	2743541	2458420	2127071	1806216	3649370	1834672	1743006	1843268	710709	2137002	1758537	1579142	3256072	1982709	4470714	3402768	4919069	8309238	4690458	9286713	17097924	19962886	13342371	16808058	30081700	30147296	63114492	79948640	89767240	185870272	108152168	146689056	316913568	286785632	316191360	882966656	607104000	734556032	1151426688	1131858560	1159982848	1937000	190890752	123288536	314788576	342634528
11802	12.223	498.92981	Perfluoro-1-octanesulfonate	[M-H]-	12.08	498.93021	Quant\notlatePFAS	574676.69	33126154	43286240	45363364	37552528	45752268	43683256	36792140	36111868	42210660	37815820	38624008	36963692	38942096	39755304	44771188	44087972	48628428	38021420	48080652	44820040	54771536	83137528	67851192	94260840	143408976	154219184	121607808	149413264	173265024	210701408	460728032	537144768	585070528	1106574336	800835648	951127104	2141462912	1777220992	1994409088	5129826304	4531491328	5064851968	8044844032	8193654272	7165038592	37513204	497472768	440310496	1678647552	1540539136
7861	10.503	348.93927	Perfluoro-1-pentanesulfonate	[M-H]-	10.43	348.93979	Quant\notlatePFAS	1403.59	0	0	775365	1175779	0	0	0	0	1009818	1621090	0	0	3220911	4992289	3874571	10336083	10538520	8895636	22427542	18883116	17779518	50127500	46811240	47105496	90250152	89704424	97098768	166284016	169797728	177242912	440137696	455808640	481439360	911246528	916842176	888817920	1812245632	1705168128	1747757696	4421673472	4555316736	4633343488	8166556160	8208833536	8129653760	3466134	430404448	446558880	1541484032	1572350208
3582	7.147	212.97919	Perfluoro-n-butanoic acid	[M-H]-	7.02	212.9792	Quant\notlatePFAS	41.8	230366	0	0	0	0	0	279375	0	0	0	0	0	334908	0	0	0	332648	0	1402716	283763	842306	2886608	2944480	3763992	7710565	5750259	6482184	11929836	13869562	12166991	33846244	36616136	40739880	79311336	78696520	76244216	160904976	150774016	150558864	403048448	391572352	408813664	682196800	705832256	678325632	0	29316692	31332166	125610800	125386720
12139	12.627	512.95966	Perfluoro-n-decanoic acid	[M-H]-	12.55	512.96002	Quant\latePFAS	352.28	0	1269733	1156230	529154	1553212	1141498	875372	1184557	1435986	525030	952244	1291196	1786522	1132788	1533102	2542894	2080328	724157	3595036	3008129	4713262	9332252	8149118	10665926	18927578	20812112	16489254	21385120	25286122	30383570	68598888	82017328	102392104	211732976	130486144	159775200	335502560	295383680	343083520	883111040	824711552	839151552	1311247104	1292631424	1192180992	1624507	101351408	78814344	324784544	296488960
14474	13.239	612.95349	Perfluoro-n-dodecanoic acid	[M-H]-	13.16	612.95367	Quant\latePFAS	134479.66	541712	674836	537211	617577	0	854820	0	0	0	0	0	0	0	0	0	0	0	0	0	0	0	0	364249	1144543	0	1136452	485762	1591611	3318638	1313354	5126684	6417810	7677832	13883704	5997422	12047082	21884706	20272772	23711916	75560800	64632532	71614520	132329496	116648232	91876128	0	69168336	24400648	88114424	58526128
8292	11.17	362.96915	Perfluoro-n-heptanoic acid	[M-H]-	11.09	362.9696	Quant\notlatePFAS	532.91	0	0	871280	0	0	562278	0	567072	0	531102	578026	0	1457682	0	538858	1326969	1278889	1106069	4536243	3924428	2772142	8852493	8395206	10155722	17572984	16617748	16934190	32723358	33865256	31437074	84438376	84782024	81874144	170237552	171391968	160391424	344265280	334017056	337560960	785832512	760028608	738601856	1269664640	1220896768	1175104512	4949839	86827760	90232136	316625024	319024096
18536	13.999	812.9411	Perfluoro-n-hexadecanoic acid	[M-H]-	13.96	812.94092	Quant\PFTeDA	14220.77	0	359677	0	0	0	285384	0	284734	0	0	0	0	211560	0	0	0	0	0	0	0	0	0	0	0	0	0	0	0	0	0	0	0	0	0	0	0	0	381242	0	0	0	0	0	0	0	0	0	48462284	0	72417944
6759	10.406	312.97269	Perfluoro-n-hexanoic acid	[M-H]-	10.32	312.97281	Quant\notlatePFAS	260.1	0	0	216999	0	257823	0	0	0	296862	364614	0	0	471396	242092	396479	476463	1526467	1032902	2313405	2523776	3558667	5407723	7709446	7990892	13893968	11979546	14374551	25475190	23660318	24553594	65766848	65082800	70031896	135086208	128703464	122741864	266094400	262618384	249213568	607873216	617441728	591084032	989449280	961770944	1018229056	855452	58712968	61441208	220062480	229762144
10908	12.23	462.96274	Perfluoro-n-nonanoic acid	[M-H]-	12.13	462.9632	Quant\notlatePFAS	1265.21	2136172	2891232	3027450	876232	2191666	1637980	1373161	2103678	3214847	1873938	4235651	2843281	3238711	3389454	2467934	2989452	5210305	1850103	4530197	5757201	6865892	13503728	11151977	11831463	22262706	28076530	25858924	36445756	40563548	44853180	116774856	126855400	128243128	249725456	211544064	220635328	454982464	418829280	460776096	1050547520	990613184	994066624	1576983168	1675345024	1493422464	2454282	112256336	104659680	412083520	421728128
9606	11.758	412.96594	Perfluoro-n-octanoic acid	[M-H]-	11.68	412.9664	Quant\notlatePFAS	37225.88	6260858	5997332	6145700	4387116	5271522	5419878	4954722	4679540	5240652	6144040	4940212	5402708	5790218	4627466	6754302	8063254	7337333	7147184	8578004	9889262	9703608	16865284	13687405	15590672	27548484	29275936	23570368	43354492	47043820	48606864	106394128	106616544	117796232	234253328	213332576	218178080	406492480	394000448	406707200	844549120	883056000	889720768	1407671168	1435517696	1381871872	5202907	104718448	106217752	372511456	361023168
5226	9.272	262.97577	Perfluoro-n-pentanoic acid	[M-H]-	9.17	262.97601	Quant\notlatePFAS	108.99	0	0	0	0	0	0	0	0	0	0	231403	0	202896	0	217420	0	1608255	389583	1725536	1204936	1182138	5603034	3421176	4142240	8164242	7202836	9343002	16964230	17637938	14587290	43468556	46162196	45527012	86438352	92554560	92599112	197672960	182296736	184646336	448277760	468819360	449866080	813683456	798020992	817724544	451740	45817180	45958228	161102080	154311984
16652	13.689	712.94702	Perfluoro-n-tetradecanoic acid	[M-H]-	13.62	712.94733	Quant\PFTeDA	11652.69	0	0	1209931	703435	0	892272	1017629	0	731719	546784	848701	0	0	0	0	488427	0	0	0	0	0	0	0	0	0	0	0	0	432356	0	414423	0	551331	0	1195085	762932	913813	1755532	519712	4560666	2166523	2345381	4467718	5187515	6007000	0	45070840	23578310	44485184	66053356
15628	13.486	662.95007	Perfluoro-n-tridecanoic acid	[M-H]-	13.4	662.9505	Quant\latePFAS	20787.11	1157045	428626	0	0	399446	0	636213	539327	600115	0	0	0	0	0	520490	1178770	0	0	948453	452084	0	739082	0	0	1214560	0	568556	1209041	867820	1131315	0	1392152	1857932	1959511	0	2352171	3307165	4641927	2818291	15913880	9222941	13015047	19339060	18743664	19565406	506487	62521800	21755936	77315552	49215172
13329	12.961	562.95654	Perfluoro-n-undecanoic acid	[M-H]-	12.88	562.95679	Quant\latePFAS	306865.69	801182	478062	1297085	1102343	867160	720233	0	445642	1676556	1066308	424480	0	1406547	668037	1394425	1649246	1053158	1182453	0	1606002	775876	4095314	2414747	3918738	6367746	7087396	5956816	7141042	8475471	10954697	21561970	29784176	35662000	70811744	34383792	53928732	124508136	94911784	114162424	348675328	283461600	334146816	552189824	492855872	412738592	5101864	66270688	36328708	130883192	127754280
3594	11.219	213.05559	Phenylparaben	[M-H]-	11.15	213.05569	Quant\notlatePFAS	73.9	354098	1240036	903603	395217	1635936	669109	388642	504328	833314	2632183	1954443	1402472	3274270	2209952	4284004	5152504	4798160	2765839	9980301	10401160	8361045	24480042	22654092	25122314	47084892	43647940	47719800	87400688	81466032	83095640	228194960	232429712	245804160	479230720	471973344	465505760	1025260224	963725824	983991488	2278390016	2293377792	2206702080	3877224448	3871759104	3684369408	2955349	256794512	257553776	857404992	870446848
4890	10.054	251.08249	Phenytoin	[M-H]-	9.99	251.0826	Quant\notlatePFAS	74	0	0	0	0	0	0	0	0	0	0	0	0	0	0	0	0	0	342654	312168	0	0	993862	1364289	1629338	2342819	3010569	2576530	6042385	6855054	6766346	15809747	16020232	15084151	32962242	34755832	33522626	70115360	69989568	69444864	189128272	193044400	182146192	376051136	357751936	354855840	0	16268340	14121672	45000276	45946664
6	4.882888889	165.0193	Phthalic acid				Quant\notlatePFAS		515089084	491932896	409074909	371217535	424762786	441006467	499208685	509143747	454917817	453512299	350030485	404741539	370127716	366373596	384062338	469442452	423096515	341200676	398468999	366376473	345358495	396268406	320322919	438757890	423454969	398869578	328013575	196953128	371854864	321421822	4918241379	487859677	480452301	442497568	390920276	360374066	464501879	447138970	455265650	589528610	683676477	665017892	735891473	750769130	729687402	0	0	0	0	0
2365	10.839	179.07126	Propylparaben	[M-H]-	10.77	179.0714	Quant\notlatePFAS	87.75	21892398	20332718	18246098	21780236	22659064	20909556	18563026	16259008	19383974	21734800	17261488	19039246	18862864	27461454	21085274	21142912	31439986	21232154	27458630	25611984	28181746	36007100	48580120	41931052	60655032	52362780	57554904	92264272	93250312	97109040	207499904	189391504	214716896	396495232	384502112	379901344	815665792	759737536	772421824	1876494592	1898990848	1925105280	3531595264	3429460992	3341445376	12909667	185220608	186442256	528875072	546620864
2148	5.474	171.01213	p-Toluenesulfonic acid	[M-H]-	5.36	171.0121	Quant\notlatePFAS	17.25	1285953	1274330	2004951	1196633	1213888	1006518	902268	654257	246489	399756	888024	262590	1063982	238845	594837	1527297	737184	296327	1580386	862184	1182328	5239886	3841083	3331288	3873551	4531591	5875262	8591986	9695697	10159009	19878318	24114450	22860770	44353104	43274388	45682384	92024256	83828456	91289328	232438880	243677152	235241424	454462560	448915616	443823712	0	0	0	0	0
4260	7.347	231.50774	Red 2G	[M-2H]2-	7.31	231.5078	Quant\notlatePFAS	133757.78	0	203976	0	0	0	0	0	0	0	0	0	0	0	0	0	316722	0	0	0	0	0	0	0	899810	1835636	665287	1212941	1800195	1737293	3747632	8139740	9478635	9691455	18747472	16205913	18379902	38740068	36501924	41115852	100079352	107934440	100489792	213458992	204248320	209907008	0	6366824	10591894	24589804	33288240
8931	9.644	387.03525	Salazinic acid	[M-H]-	9.56	387.0358	Quant\notlatePFAS	74.15	703606	957682	445186	634730	697075	872771	335504	717988	551587	608178	229840	721719	374514	693210	0	448821	0	276124	670859	0	1483687	2861492	2260834	2398766	4907556	4991739	4539654	6056260	7887810	7990312	22975354	26139288	25977916	49028104	47620876	46814224	95801864	99607696	84647624	269807360	282251488	267140944	479473728	469822752	472951136	619190	75342448	79850336	330386752	316966016
17401	14.601	749.48419	Salinomycin	[M-H]-	14.56	749.4845	Quant\notlatePFAS	64393.57	0	0	0	0	0	0	0	0	0	0	0	0	0	0	0	0	0	0	0	0	0	0	454263	0	416057	0	581744	4272180	720388	3081329	7037632	5176236	4221102	12239334	23267690	13735231	27707560	26254130	33989116	65831008	66444864	72116576	115390536	139021456	119598664	461093	0	896134	12676758	15954560
2494	7.376	182.10466	Simazine-2-hydroxy	[M-H]-	7.29	182.10471	Quant\notlatePFAS	31.16	80028664	75337768	72375056	63247308	59818632	57708928	52314328	56184784	54681932	51956652	46864820	47142288	42437412	43197676	45745800	46323456	40387368	44548488	39565080	39603488	40497652	41445252	39635716	40952888	41282432	37590192	38016572	46630004	42430268	40576440	44086136	44909024	45957736	52611496	50672620	50448548	63361716	60195772	63194616	88301264	98311000	96861704	135835936	128721576	132555856	0	3966205	5747350	11126270	11562808
9164	7.141	395.00684	Sucralose	[M-H]-	7.05	395.00729	Quant\notlatePFAS	3998.22	0	0	203772	0	0	0	0	0	0	0	0	0	0	0	0	0	0	0	0	0	0	0	434100	0	662763	0	1239098	1694024	1789796	1354022	4498748	4036250	4745518	9745802	9998446	10032832	20192018	18509190	20290362	51370064	52863044	52490976	102917560	90907416	97257448	0	3312330	3819932	11643132	12480268
6592	8.556	307.02808	Sulisobenzone	[M-H]-	8.45	307.0282	Quant\notlatePFAS	88.15	1386032	0	645767	0	0	612712	336484	0	0	0	0	361550	0	524638	0	1080319	380583	307479	1477838	1901475	1356294	1998942	3602414	2905434	5603162	7246142	3751428	8384614	9354778	9501267	25499218	26381176	29736984	55429900	57400260	51192688	117686072	109560880	110961904	286975296	301430432	298535808	567393664	543374784	551290496	319243	22742122	23328842	92517608	95447256
7568	9.399	340.13165	Tepraloxydim_1	[M-H]-	9.33	340.13211	Quant\notlatePFAS	76.14	0	212223	0	0	227330	0	0	0	0	0	0	0	0	0	0	0	0	0	306976	0	295327	1471115	1838348	911819	4070664	5407486	2098264	9858888	9243430	6965067	28840878	25112084	29128526	54720196	59409372	62056064	125312312	126672592	128491128	294433504	289990912	267912432	546493120	528318624	518151968	200104	17677210	21619780	68414312	75747224
7567	11.238	340.13165	Tepraloxydim_2	[M-H]-	11.21	340.13211	Quant\notlatePFAS	199.91	997511	417852	1959470	1068527	0	0	361121	396164	0	1058357	561298	0	346914	0	0	497398	981125	0	2008343	2552600	1826620	5934214	5428780	4076992	10853788	10947021	10070473	20110040	21498134	22954768	58323064	58278512	65224620	125545792	126046632	125703320	239466368	245803328	275309024	622271936	727190592	705017920	1089541760	1233410048	1090636032	259636	50970084	57684208	169407664	160480816
12740	13.314	538.74976	Tetrabromobisphenol A	[M-H]-	13.25	538.74982	Quant\notlatePFAS	144497.62	0	0	0	0	0	0	0	0	0	0	0	0	0	0	0	0	0	0	0	0	0	0	0	0	0	0	0	968607	0	0	1966287	2101954	1739364	6765390	5290232	5546912	16512123	13173701	14904071	44386612	36844360	36318984	74069992	76389680	72935920	0	997595	0	12818857	6783112
7	13.54866667	293.1792	Tetradecyl sulfate				Quant\notlatePFAS		16018296	23580932	25046181	17989860	33136200	29552774	17894125	17147705	23687581	13184161	18886950	14753041	19438021	25840278	36523425	32925343	26843922	11125066	16146602	13820637	27490798	54894618	16762035	28311179	28626779	36572512	18387374	14722597	18530870	24721143	21492814	45325293	57872398	72280883	22854001	51200005	80782474	51690783	74698158	219960292	159573643	182703663	242608056	217116140	165591641	0	0	0	0	0
17908	11.502	775.67908	Thyroxine	[M-H]-	11.44	775.67938	Quant\notlatePFAS	178204.2	42156780	42007508	36860620	43161396	34692580	35438600	34424348	39145744	37433728	31888398	33165250	29048444	25481366	31980882	30391634	34909368	32328390	34859120	26751432	20816034	22034354	23254622	37180240	30927388	31075188	28448886	26286424	31676678	25608374	24374406	24829976	31254420	28519938	29625488	31618036	26216336	23970318	36493228	35923716	41701928	46832312	45665080	52921832	51348804	48864216	0	0	0	0	0
6758	13.125	312.97061	Triclocarban	[M-H]-	13.06	312.97079	Quant\notlatePFAS	160.69	0	331013	429831	0	0	614933	733636	798869	512552	0	1226379	385334	643847	821629	402893	360518	719065	1414414	2736196	1845349	2767296	6575692	5974882	5713854	11183461	13372405	12164837	20990174	23354896	25019752	64091452	59777168	64937072	132964056	124898152	124977968	271897152	265996144	290225760	641080704	571060416	613593152	1136451712	1190262912	1137661568	357016	76015704	65193952	209731328	243281856
5980	13.347	286.94376	Triclosan	[M-H]-	13.28	286.94391	Quant\notlatePFAS	132.08	0	0	0	0	0	0	0	0	0	0	0	0	0	0	0	0	0	0	0	517195	1425364	1772114	3847972	1539554	1803632	7833448	3812162	7572930	10704307	10488244	26459338	24756352	22996198	53752748	53013628	52785840	106740016	114355720	104287136	267631344	244593776	253886624	462692352	485310016	456086528	0	28186956	23275820	97495176	95658216
1512	2.185	148.95248	Trifluoromethanesulfonic acid	[M-H]-	2.12	148.95261	Quant\notlatePFAS	221.24	75677784	70010800	77110616	71315448	69375000	66481340	63223044	75094408	70581704	65192072	70689112	69565200	72357248	65202432	64358400	66363260	69306472	78856760	63346140	74024168	67770816	72722632	74851224	69360960	85766696	80750144	102734600	145382016	98515376	88094976	118130608	128131576	138412000	206637552	212002896	235351024	329655392	302342368	339567072	700335808	809527680	784066752	1540959616	1570478848	1239107072	74146360	0	0	282749664	268870752
10182	10.767	434.21936	Valsartan	[M-H]-	10.7	434.21979	Quant\notlatePFAS	585.79	0	0	0	0	0	0	0	0	0	407964	0	0	406849	765031	720755	470388	392860	713581	1202174	1504683	2718298	7651158	6412518	5015908	14552812	15260968	14863496	29365942	32818076	29747370	74218376	80280632	81735072	155124288	168781008	160294832	330913216	333102560	320914944	778850368	797065792	824501568	1579949056	1526849408	1454825216	0	49241352	49089564	213957424	204841568
2584	6.915	185.02769	Xylenesulfonate	[M-H]-	6.76	185.0278	Quant\notlatePFAS	21.63	21537154	18923214	21045564	22636674	20065598	20359852	19939722	23015878	20974366	20639454	17713874	19375152	19795834	20544012	19665556	20297786	22587166	22455684	23404100	21589494	21476046	25256744	22790880	24420404	23785832	28469840	24581738	31818196	32467710	31062940	47325068	50205604	49105424	79779640	83694984	76477032	139170528	135801952	138606208	338969408	341166464	322722400	611068608	604928512	582678272	20846578	41361180	39159532	108973840	113450312
